50
57 974 489 674 1562 1618 965 1283 1363 1783 1260 230 1565 1001 1394 1083 405 1916 550 1103 1826 1860 277 1855 900 1583 663 854 1678 1745 477 1983 375 1610 224 440 301 829 513 1887 770 1905 1946 1979 368 311 1148 119 1793 641 1429 861 215 1242 510 1742 764 102 
86 1684 1558 579 192 201 670 1493 398 759 1227 1322 1839 1330 1492 101 314 367 1297 807 543 1551 87 820 902 1385 331 1696 419 214 1549 747 1330 1672 1338 144 1737 61 132 1319 1134 1972 1620 609 460 215 1677 466 947 1687 1314 1167 472 717 29 792 1648 855 1543 1743 535 1953 1948 284 1367 1717 1692 564 902 1656 421 1990 529 1481 548 1507 926 1578 1179 1913 1112 72 223 135 569 119 1764 
118 342 84 201 943 133 1895 1365 1055 1647 1281 1087 1804 1660 1425 155 706 1247 791 1614 697 1253 1115 299 793 1009 1717 1185 1207 314 1794 1403 1202 1938 1336 1007 1523 1700 908 1509 1189 1730 576 226 655 1362 825 863 964 394 1624 875 580 1741 300 788 494 1418 351 293 731 1756 1303 1864 783 942 1325 1176 513 1369 1311 1205 260 1619 201 1269 1826 1676 1718 776 1926 467 1256 1645 360 30 1041 1975 333 360 1806 43 765 492 1809 27 1585 911 779 1696 1555 1744 614 1173 1805 519 1068 810 1078 1980 543 1717 1128 1422 1501 1328 1760 1175 1437 
183 1180 773 1960 755 934 957 1690 423 1479 57 1928 1513 447 1643 228 1883 1468 678 911 283 1832 1606 960 855 1186 423 732 1269 58 907 1422 190 946 564 796 1189 1038 1077 1067 957 1329 448 1627 1131 1752 531 285 32 1713 726 1012 432 1712 1431 378 1012 1901 138 522 1966 172 1688 1461 815 1870 423 546 1054 1110 1213 1019 80 1884 783 1144 1434 1067 138 780 1601 54 1978 161 1615 1535 1343 769 393 1841 573 134 733 737 518 1328 182 1707 832 1581 1095 779 1906 1068 1125 1698 422 1984 1594 1839 1914 1257 103 150 195 1539 548 1516 1429 1289 1884 1194 582 404 1439 1615 1959 1196 1691 649 102 701 224 437 829 1873 1790 1928 1959 1136 493 69 684 1563 1855 1291 1773 1153 617 1523 521 1577 671 1075 919 770 1217 1668 1233 309 1486 61 547 1547 895 373 681 1374 104 802 784 1077 888 134 1102 598 107 211 671 1354 1077 1061 346 1100 
85 1976 272 458 1447 1577 656 746 1047 933 449 1300 275 962 963 1398 1421 1931 1447 244 1791 1665 1717 978 469 1929 299 70 549 705 1116 1520 1623 1173 1712 1222 158 876 1442 1419 552 1667 1611 1493 1371 1959 113 1006 1905 241 350 560 31 1311 467 1052 1363 97 1505 978 556 1620 1091 1506 372 578 1245 253 1869 978 1903 1185 1209 599 1184 650 1793 543 1048 1276 1722 1306 1031 623 172 731 
86 966 1699 421 1115 633 744 1336 1290 153 1359 1874 1598 1009 1920 1853 1318 1073 312 486 1618 1984 1325 829 945 1461 354 445 1000 1017 1621 990 730 30 1071 1648 944 415 1599 158 1785 1674 1192 929 348 1146 1051 311 1692 1848 1906 469 350 553 1585 89 243 1015 144 50 652 1466 574 1436 116 955 1476 1316 1779 1534 1451 616 880 272 1881 1060 1605 1637 53 478 1656 836 1643 1847 699 1352 100 
184 725 1423 1976 102 223 1509 1259 1368 1072 1535 293 74 328 1204 1071 1167 1434 1126 99 1260 487 574 908 119 1259 945 110 1326 419 219 1076 1725 117 229 1475 1164 1212 1739 1630 1878 77 859 1934 1709 1474 1628 1996 1324 1679 1804 176 186 357 1965 1053 42 198 1963 1866 451 1510 1471 1834 1395 481 1986 1295 100 927 413 919 1756 106 822 1858 660 1052 1532 1503 1055 188 684 303 1969 1702 416 1200 327 788 670 1676 1697 172 1378 985 1259 425 1279 269 963 1347 1505 1316 1364 1162 776 1602 1125 1009 1754 1144 1657 432 341 977 1113 958 733 156 1960 325 1000 1250 881 130 138 198 462 618 1701 690 99 628 112 1895 1499 959 1706 943 1417 364 688 497 1503 1077 36 1248 773 1050 351 484 1255 1378 204 567 219 1649 1532 1429 1511 814 1277 1092 1484 1130 120 405 89 1412 736 1491 1197 613 422 772 1385 789 1539 109 283 864 1473 1391 1343 
81 1471 1466 209 121 362 1041 446 394 263 1023 480 691 787 315 63 725 1884 1982 1645 72 473 798 713 980 1649 683 1290 1089 259 1220 639 876 1688 1151 1187 1772 1764 640 1037 804 485 574 698 1887 1426 1849 1286 338 1613 1231 1194 1064 356 1237 1843 1645 1895 1041 564 1075 1229 1786 381 551 640 158 1171 173 358 1896 1164 88 750 907 186 1654 1033 1033 1620 395 592 
137 893 803 1691 1073 337 397 707 231 1402 1680 426 1406 1812 460 56 626 1493 1543 1729 440 1003 751 491 50 410 1246 312 702 419 1402 1668 953 1358 233 1202 1222 87 1693 492 1825 615 1690 58 609 358 360 877 1554 1357 1807 1268 1636 1071 460 1129 762 791 440 1606 691 851 1045 1392 1931 67 1752 1254 912 94 1961 405 914 480 923 671 78 544 1744 258 877 815 379 702 754 631 1773 1913 961 55 1239 171 1071 1247 1107 1357 998 595 113 396 1591 178 1212 1074 786 512 1090 1232 1814 1341 448 1237 1850 1194 1063 1237 1586 1858 439 1279 1044 1955 885 664 33 1879 1795 445 1285 189 116 1062 1971 28 1921 1631 445 550 
47 1245 1322 207 1431 1470 1422 1154 1496 764 1725 793 1244 222 85 1833 1270 201 1691 426 230 122 970 1774 765 1616 1705 918 1372 1561 524 1224 683 1099 66 1509 219 1627 698 1023 505 246 990 789 1468 24 299 1763 
191 644 240 893 1359 1378 500 70 750 1325 1557 582 1170 182 1422 1468 1445 1006 1767 1580 1190 393 435 1999 1346 1251 977 357 727 432 332 1063 1258 23 845 1118 1364 417 188 1313 1057 827 1589 171 928 1254 1771 657 61 1851 901 571 1692 416 1488 1315 1870 957 884 1540 266 1906 1082 1081 528 909 746 883 182 1664 1754 1013 1686 1457 1155 1977 1525 1921 899 948 856 208 175 1347 1107 170 1015 174 1905 1548 1278 693 2000 361 733 295 1746 1656 424 1786 1765 1129 95 751 705 1956 618 1477 540 607 779 812 1410 1577 813 569 1630 443 381 1729 443 818 1828 1760 967 1619 581 1416 201 1148 1204 1491 372 919 194 1901 729 1559 460 897 1468 1817 528 657 1210 1542 1326 1815 1851 1036 1218 1935 1233 1816 1661 65 612 1091 1826 1965 1423 1562 32 493 1687 1091 523 1549 1695 520 1417 1167 1817 739 791 661 1581 1563 967 1064 111 1155 1857 1742 1620 1744 359 1135 1394 829 246 289 
71 1379 1521 586 1982 1201 1403 430 1902 1642 1733 564 143 374 715 1648 723 1789 1127 760 1533 1418 1416 1423 1940 1326 1575 1975 161 404 1862 963 203 774 184 959 1293 234 290 364 1388 138 754 1792 1974 1501 26 997 1793 697 922 1842 390 1257 1292 1098 1499 219 1996 412 1462 336 1959 446 1436 507 1055 127 1445 993 1947 1870 
22 1265 648 1270 1099 1454 633 762 1423 1709 776 1915 204 995 1399 1030 509 80 1371 755 876 1500 959 
87 1382 1969 1886 1847 220 1908 1354 526 111 1321 1882 154 1604 814 272 337 44 1462 802 1775 259 725 1348 670 238 233 1812 1073 445 1938 719 547 1691 1281 312 188 524 1825 899 1398 1997 1323 1027 1674 491 1304 296 1187 1990 72 912 495 1873 109 50 1618 382 1031 988 275 1082 710 219 1318 983 1435 1124 682 891 244 652 325 245 419 725 1947 583 1630 1265 1655 1531 230 1256 723 1943 148 1444 
27 1956 1337 771 309 1600 1072 130 620 272 241 948 1270 1000 1523 750 645 1240 383 1753 935 1012 1224 1060 1090 1788 1470 734 
100 457 1376 529 1543 515 1518 836 556 994 1442 1125 1387 115 154 1796 384 1299 1707 1933 1010 1469 759 776 499 1525 247 1215 634 1405 1341 932 266 1884 1342 923 1545 309 397 663 491 181 662 491 1342 2000 1039 730 514 801 424 527 1061 532 208 1258 1667 301 566 1773 95 1582 1287 510 668 1063 631 918 973 969 193 223 1057 1355 351 1063 1218 502 1854 1346 1733 912 893 89 75 793 1141 677 1025 419 1079 770 1572 1036 1195 1138 149 1047 1600 993 181 
29 1755 1002 1223 434 1194 1077 685 563 913 98 770 179 1550 1837 1088 1795 1931 1176 935 1978 794 438 1557 1160 1158 1406 1300 131 934 
34 1378 584 1379 1539 1510 1610 1858 1786 1974 863 1773 471 1269 1640 404 1709 1139 1649 593 729 1729 727 1417 1856 1278 1747 693 1176 615 852 1902 1615 225 645 
47 120 1997 1647 402 308 376 1945 432 571 267 1886 1080 1168 1592 156 810 245 855 272 164 939 119 918 223 1458 1830 601 1662 1197 1838 1040 866 208 1843 866 1451 1287 1140 673 1752 1440 1455 1256 765 1398 810 1147 
171 751 1676 1718 1950 1258 848 1369 1598 1920 125 143 238 1393 1053 1893 881 1400 1670 1113 378 1762 474 224 1672 1932 1500 1655 1973 1436 1112 1057 1791 1654 1068 1757 1294 1104 918 1222 729 1265 974 1449 1863 1973 605 345 1442 775 324 209 1603 1026 656 1385 956 1337 1658 25 1702 1651 722 96 759 1558 1885 594 1477 541 1338 54 1468 868 607 1267 1221 287 1950 1422 795 1085 694 1329 1901 284 482 486 1974 1963 1333 497 1296 32 132 1873 150 1524 1595 193 1794 1678 1309 1441 1510 1268 802 284 486 534 1436 365 693 960 422 1779 100 1030 1127 1824 357 195 1517 780 444 911 1048 1768 1573 1610 1807 1521 189 1437 397 194 727 918 489 663 337 1705 1927 1240 1530 149 1849 1779 511 94 641 1997 1391 350 1789 1148 438 591 1720 1329 737 540 1430 1101 1125 1752 1214 1027 1230 820 1131 1387 
22 78 1032 1787 1354 661 1642 440 1966 1697 1402 134 1678 1858 1258 821 593 1004 1511 1936 591 1677 279 
155 380 971 1714 1376 539 1493 1492 477 52 1925 614 337 1927 306 1175 749 1969 1700 1424 1645 844 1673 878 819 345 1910 1010 1256 285 109 845 281 285 1497 1546 1558 691 1516 673 824 1358 1512 1299 349 942 1545 919 920 168 216 1007 1164 1549 510 1902 468 383 757 1689 811 190 1132 270 1896 1801 597 255 1030 1042 1404 1517 516 838 1911 1819 1023 241 1605 1623 112 1370 1960 312 1410 1905 1452 1916 1581 1850 198 116 1629 60 1779 865 1458 318 1932 415 1132 1322 180 1966 1780 168 44 1953 1469 1780 1294 1473 1822 1885 1211 1640 1602 142 1539 87 950 801 1680 140 929 65 1833 865 1928 928 1593 937 1630 461 1429 1126 902 344 367 649 299 1205 81 437 1717 1760 1711 1779 575 502 1975 1665 1998 1025 246 37 
177 1740 1580 174 427 1740 1371 225 1197 878 180 1507 1364 631 1087 665 1083 73 576 436 1571 1948 246 444 380 1241 613 1968 1255 1722 1602 674 1615 287 954 365 460 1766 963 849 551 752 399 24 64 1737 1736 586 1696 1652 1454 1590 1110 1962 1756 904 520 1597 1384 1623 1400 623 295 1830 280 627 1258 653 274 748 1897 132 1416 1309 1329 1138 624 1923 1600 1652 556 285 1228 444 1449 802 330 1504 1342 1145 175 122 661 1361 736 1294 43 452 1050 799 987 1613 766 1642 406 1930 216 963 1812 1935 1209 1545 1820 1417 1523 722 835 1175 907 426 1571 1637 649 503 1105 117 849 1654 1710 1119 1273 573 692 1106 1785 645 1615 1311 556 1707 996 479 1533 119 1516 1260 1251 1477 1629 1684 1334 92 770 1322 42 1150 403 1798 1902 1311 1020 39 570 1711 1441 1615 1654 1603 1018 1629 1442 1038 525 1802 559 1091 1641 1330 
151 1909 68 705 930 1453 517 459 1079 309 170 1559 1947 1968 1126 690 627 67 810 982 1879 911 1283 287 1911 1846 578 169 39 386 1991 777 813 1255 628 1300 946 697 1974 678 1128 1721 376 738 1625 80 677 1372 487 672 822 1559 1342 1551 320 1325 1933 488 977 1178 1750 1638 631 1226 1267 1204 1337 1898 701 975 1389 640 259 1671 855 1073 535 249 226 459 1575 128 511 871 157 1262 1952 900 704 127 797 251 1166 1067 40 1489 773 1916 610 448 1577 762 728 82 1903 312 634 931 1704 759 1960 99 1258 694 1532 526 1717 1721 473 1915 1396 714 618 1469 146 1775 1329 1971 1727 1141 234 1868 265 1466 1381 511 431 1336 932 549 195 1406 1995 901 1843 803 1847 555 64 669 744 104 
27 1582 1544 419 1100 332 1735 445 228 855 72 962 143 875 1642 959 1292 1138 489 457 919 881 955 253 218 1108 1252 266 
54 1032 501 1294 1448 1950 1525 1708 1390 1369 1972 1962 45 1751 562 1289 817 1210 878 1315 452 558 1743 946 321 761 1019 1425 1181 178 679 1622 877 1241 721 1805 1847 1770 1526 420 65 360 734 1723 1521 125 1659 1225 97 1866 685 766 931 1877 312 
157 655 606 1085 506 1760 1998 1456 1556 1130 900 253 911 686 1816 324 395 1222 1100 1612 791 1846 356 1683 200 509 320 1224 262 159 1691 892 980 374 1433 1465 54 113 1176 716 180 831 785 1317 1105 605 669 1216 55 50 1252 349 651 554 561 1527 1006 775 821 1078 282 1633 1930 1662 781 1702 552 1668 264 344 1769 113 1230 1893 272 1230 1258 779 1102 204 1342 1862 1605 1187 1968 1080 964 485 348 1427 880 1526 1184 310 1456 909 287 536 1975 887 1766 625 1323 1700 1297 972 1622 1225 308 537 1039 693 1779 218 1837 306 137 1761 1659 495 994 1827 1777 903 1734 1872 942 1574 1116 1411 981 1428 473 807 172 233 1056 1900 1243 850 671 694 1744 1889 1110 1748 1997 63 1941 930 1466 1482 777 1596 1996 1890 801 1497 
56 441 1659 778 778 1921 1888 782 466 99 1807 113 1192 832 612 1108 1727 342 984 125 1233 756 1319 1064 1470 1465 1475 935 407 1316 192 1765 741 1328 1566 93 1975 436 1141 1483 1806 1207 401 1551 719 1118 548 451 1328 219 1387 1007 638 1470 1266 764 224 
165 1159 1156 1781 1310 642 910 740 343 1201 630 1243 576 999 337 1718 1593 86 41 162 371 1801 1376 1118 997 1355 1606 652 216 909 962 1299 1791 1108 247 607 1175 1810 1211 501 96 46 1617 255 1829 1345 57 240 820 1733 1681 1951 694 265 1638 988 376 1240 1570 359 1402 471 992 1323 1600 319 1480 877 1538 1251 1891 1125 643 1470 1441 359 475 1244 913 1202 1604 1094 221 1474 332 979 1946 1937 252 63 393 1851 66 1958 95 1627 1000 456 212 546 1626 1672 1785 1459 545 1752 1907 1597 256 716 1978 1334 1796 617 1619 198 1387 277 914 673 936 690 695 1283 1012 258 54 1476 159 1280 1688 1449 948 1736 198 1313 453 494 1907 1451 1060 1598 1949 1129 1389 311 1469 1070 1888 999 1702 1570 631 566 1970 1908 1166 1134 160 494 1625 698 761 938 663 1525 
110 1218 1409 1103 1345 1900 1697 1189 1376 935 1822 562 848 365 1944 1421 1494 715 934 751 1916 623 1309 736 102 849 1158 587 1310 893 459 1366 98 961 1773 797 1908 525 1085 1457 652 639 1240 258 961 1558 682 1406 461 1993 1643 1437 1612 1230 357 1509 1116 240 1690 1550 843 1699 939 100 771 245 590 886 1987 724 1534 1111 1041 72 23 2000 643 1171 141 996 1894 779 481 1244 581 1363 966 1165 1212 1380 1096 766 462 649 1093 1358 379 932 1920 1951 1087 572 422 1781 566 926 1434 1604 1027 376 687 
90 1407 1278 1163 1236 1027 500 387 1116 261 883 556 1987 1512 977 238 1072 481 494 360 311 651 227 737 409 716 1570 1526 1936 1658 483 1417 1160 654 1485 1754 1069 29 297 910 1762 1280 1515 1413 1301 1366 147 235 1866 497 1607 500 1983 78 1861 1722 72 534 1428 1682 1225 1018 548 697 424 778 212 1016 1507 924 629 643 1132 728 461 508 627 1184 1401 1327 653 1019 815 437 597 652 1328 24 1800 1741 848 
31 1030 233 1280 344 619 1971 1796 1708 43 877 1030 1250 987 1048 130 905 256 1768 427 371 663 727 1567 723 229 100 995 324 1301 45 898 
174 363 1196 1081 939 1009 357 715 804 60 1959 1481 499 204 562 1663 348 1169 1809 778 1373 1133 894 1087 1744 277 1301 85 945 1746 429 570 1667 1277 346 1950 1591 984 604 1154 1444 1779 1913 888 1452 1073 748 1635 59 659 1170 568 683 1977 1636 1062 1927 1062 1823 300 1897 820 807 1187 620 645 943 1743 248 1198 51 1968 1202 1596 1239 1395 1081 633 1499 1819 1585 295 345 1509 1348 1485 1573 502 263 1826 1057 1746 753 954 1116 55 722 630 929 793 717 1393 624 355 1475 524 991 29 55 1649 1444 91 1996 1655 1779 1139 879 116 227 372 1243 1648 1966 658 1901 1610 345 1701 1388 1068 335 1638 102 1160 572 1431 1194 197 678 915 509 626 132 1978 1677 1425 388 405 615 250 376 353 1161 85 1843 135 846 1830 776 920 58 469 1303 1290 123 1480 1792 1404 1916 464 730 882 803 1151 1816 
111 218 472 903 1380 544 193 1886 598 1780 1113 965 1762 848 639 227 1569 609 1323 750 1929 1753 1865 289 1579 233 471 747 1797 1492 1271 756 721 1378 1762 1197 169 1699 589 179 986 1711 1582 1788 707 310 644 134 1081 393 522 1692 1235 1398 1122 1585 1088 1090 1861 1608 993 1162 1533 721 121 1233 1198 1440 1448 1435 1853 150 1731 377 1875 136 236 1827 1456 549 1995 837 801 277 1513 1663 1192 1103 125 1903 1806 440 1197 1630 1943 753 314 410 705 960 261 1328 614 333 96 979 145 1170 301 831 1705 1769 
147 1951 732 1752 80 162 573 1786 1503 643 678 1482 1002 1993 663 142 356 1301 353 669 812 1228 1441 691 236 1415 50 484 1352 851 583 1236 873 180 1705 1967 361 126 1453 1480 477 66 1422 246 648 607 779 406 49 1333 475 1709 1189 1059 1557 880 1393 1396 1525 1840 908 892 45 346 428 252 858 1718 1078 1199 761 1012 108 1865 1196 1786 1003 1044 1463 1796 1767 410 677 1274 731 1823 1434 156 691 1150 183 786 1684 43 1217 715 226 1357 1395 723 1643 411 1333 658 1502 1245 1014 1212 56 1337 249 399 174 878 1270 1033 598 952 1985 1974 1260 641 795 1113 722 926 371 1704 494 1392 1660 472 499 1288 1614 720 625 1044 79 167 1523 556 1202 1415 1988 301 1398 144 
53 598 1346 639 1900 908 324 167 1605 83 986 80 1377 218 1588 117 1849 733 1156 926 843 1316 915 1754 1943 292 710 955 928 1807 1880 1692 1765 656 1974 462 736 1879 1477 304 1750 71 238 1380 91 1357 203 1027 1278 540 424 914 1014 1023 
146 710 404 1169 143 1744 1425 1499 629 1241 1117 691 115 564 882 153 1035 1765 1118 980 1153 1985 970 1417 193 891 1924 351 1435 1504 554 494 662 206 1075 865 1176 642 588 1722 788 563 1300 1629 52 1719 1508 1414 602 778 385 1889 1298 1753 893 21 1383 1547 1968 323 794 428 207 253 1020 685 1529 1814 1916 103 854 1915 446 1946 325 1744 127 778 318 100 365 989 143 631 1333 1587 1867 235 1863 711 1618 1857 1571 412 1503 1649 831 396 300 1894 782 1829 1146 215 553 810 972 519 207 1424 90 478 902 1398 1350 1927 1019 1369 1891 1835 490 1955 1916 166 297 251 1604 1436 766 806 1745 581 1484 606 1678 543 162 1622 331 985 1282 1300 754 1971 693 1953 1705 
105 1004 61 1198 1174 458 792 1350 1854 1459 1610 1600 1810 840 1130 1827 168 1206 1117 518 530 1521 1388 1335 398 1404 1418 717 1394 972 43 1725 1829 968 591 1107 272 1767 1342 288 1572 182 932 236 868 77 639 1643 996 659 1814 1003 1688 252 76 251 713 1706 1025 221 56 348 289 105 874 584 471 497 479 133 563 551 22 1528 1200 1420 1186 1035 543 1578 695 637 1561 1512 1880 1379 375 1362 134 1841 1028 719 404 1037 1615 1603 68 1298 797 999 916 1670 272 967 825 740 
61 564 187 1679 613 262 1407 1449 333 158 577 1695 211 1811 1397 951 893 48 1005 559 1682 1835 674 1889 1424 1753 620 1925 211 1128 119 1873 1265 964 1076 441 594 1398 656 1997 1143 1423 1775 414 530 113 1006 1050 1661 1177 807 286 1987 203 298 1515 313 1903 484 1429 1893 1439 
40 885 1165 104 1735 756 678 490 1387 479 684 1763 968 1553 428 785 235 397 212 1263 758 965 1678 1269 734 473 1758 211 725 600 781 80 734 1617 103 440 705 504 1143 1752 1278 
130 987 243 1117 857 565 527 793 616 158 398 1636 857 1287 1643 1538 1374 1272 424 140 999 408 1701 400 975 416 1724 1652 1941 435 507 643 311 1171 803 1861 363 52 837 1312 574 527 1915 685 386 1265 1636 1143 658 681 528 1708 504 1126 1245 854 530 1065 1091 1264 596 317 1190 1104 285 1930 1157 1996 682 895 1682 1717 1130 1308 1800 287 682 1576 637 1742 79 1440 1648 1318 97 1193 588 1887 451 757 1546 1838 1882 276 1171 1373 1712 1059 1432 935 1783 1898 1228 1929 947 1712 529 1944 1434 1604 1891 508 1249 263 258 93 965 262 691 1896 1175 1618 1784 1070 912 31 859 1392 686 703 567 
44 1946 1774 1488 1239 1376 1093 1812 158 1332 1038 829 933 949 462 1071 804 1431 986 1906 1299 1998 929 1986 592 653 1320 1314 951 504 771 185 646 451 1864 1992 1828 25 288 517 1673 1313 191 372 1739 
192 832 823 918 753 1333 1287 542 472 1566 1655 942 1543 883 1103 580 1680 1034 660 155 580 34 494 1970 692 1641 1180 1041 69 1571 448 163 1831 67 50 909 1884 878 1252 1926 1359 1837 1322 429 923 1511 1451 1793 1498 911 1957 952 334 581 197 201 753 186 39 1974 1392 495 1759 1604 1141 442 929 900 1912 543 1823 649 588 1220 1155 847 1951 498 889 1023 1827 1715 1641 1590 1776 1101 1265 709 1871 1787 471 508 67 682 1054 1803 885 509 181 170 1357 860 1603 975 889 1260 883 1897 1367 709 457 1744 802 1984 1986 1517 1301 1455 1837 536 1039 1677 766 755 668 1648 1995 53 654 1548 1646 1936 1854 1410 676 87 619 227 1513 1867 1146 1283 849 465 1687 952 780 1364 988 1026 522 1410 1304 1502 1399 1773 171 108 1399 472 905 1843 290 1100 1194 366 965 653 364 439 1868 127 979 851 1459 373 1702 907 127 528 884 85 594 1374 1395 1171 333 472 1240 979 106 1113 399 
60 161 1281 1485 1615 336 1473 741 1106 439 1064 1198 1358 117 44 54 1503 1855 1895 1265 1900 1510 1919 1705 1284 332 1477 368 182 361 1597 1183 1611 1826 909 1009 812 476 71 402 1138 1021 1972 530 59 1611 984 1230 1897 275 51 186 1443 643 873 547 1372 229 203 139 281 
74 101 1209 1797 65 947 688 241 1599 1884 611 511 132 649 443 422 351 938 1154 1551 1047 1711 598 1151 1508 701 1930 836 1317 960 212 172 529 1655 994 271 1510 1864 190 1219 551 1806 212 1184 1364 1582 670 1796 66 1453 995 299 856 364 756 127 719 227 875 1129 319 227 1608 1592 1837 382 129 1810 1359 105 406 226 717 1866 224 
149 893 1125 1163 1874 575 228 1371 101 1932 1230 519 762 742 51 1031 1345 181 396 939 142 306 140 1127 737 119 1846 1448 1749 751 715 323 1871 485 886 871 294 1076 902 1991 904 132 1670 1449 1916 1957 146 1037 1207 797 676 1973 1973 477 984 1060 251 833 1181 690 1602 1863 90 422 987 908 478 1630 1449 599 68 308 790 396 1211 1160 1722 1677 54 897 443 1031 1931 425 1600 595 441 858 899 896 424 369 1935 690 925 332 1200 1679 1929 1728 435 349 186 1213 435 1050 539 248 1653 1752 342 859 836 782 928 696 1947 1625 616 397 929 1109 1638 1260 316 201 483 537 983 1979 1844 923 292 588 1611 505 1570 335 537 641 1652 300 515 408 977 1881 493 170 310 1779 
92 807 1827 928 252 948 717 1727 1225 333 164 600 707 1655 1667 1579 495 1489 232 1256 853 845 947 457 997 228 1886 372 289 1860 819 1294 897 189 1120 1244 1889 1637 1946 547 1837 869 278 1174 1263 481 511 56 1157 1925 1399 1897 1211 1778 497 1364 746 1554 1744 1436 1098 241 189 692 1545 1962 1595 514 686 1818 450 473 1231 262 1215 1479 493 1419 549 816 643 244 1861 1513 1667 1140 1412 1426 1283 99 446 1427 1436 
86 1889 1318 1769 1880 950 717 1980 998 391 1775 1798 1439 1957 1896 797 1704 221 116 1708 444 642 189 920 676 833 1318 1523 327 1906 1776 40 107 777 864 471 531 269 1751 901 1589 35 1255 1986 281 436 1598 1753 1272 1347 766 1376 1304 1994 575 1511 1288 1117 229 23 1221 1189 573 901 262 121 1386 232 486 814 333 1653 818 870 1580 1017 652 26 903 1463 1775 1909 363 1666 1793 1587 1072 
125 1009 877 1781 293 397 1464 1182 955 927 261 1628 145 931 1556 1741 1318 1958 1757 1101 1010 645 664 562 168 1742 301 32 1669 904 1796 1961 1513 63 907 1185 1579 1304 370 328 733 273 1751 1797 1707 731 1526 1006 1877 1462 118 261 1128 182 1614 1387 651 1943 1623 1436 1674 1103 1251 691 452 553 1651 366 253 125 416 199 1795 1788 1613 394 277 1244 118 583 391 1569 297 1963 1181 60 179 1681 1683 1636 622 1382 112 1941 1088 1006 818 1944 42 1650 1206 220 1944 948 467 1182 1171 281 1171 1708 523 291 1456 690 1512 300 477 61 24 1580 596 23 1339 1861 1895 1489 
148 288 307 996 1279 805 948 590 799 152 453 1836 1379 101 721 1879 1959 1094 1853 1313 576 407 1003 530 1710 467 1867 743 1561 586 1561 1480 1750 1018 1360 345 63 1995 1725 240 1081 656 1666 636 713 1824 1238 1010 952 488 1082 791 1159 634 434 1945 1976 288 297 638 858 287 969 88 772 512 1791 1915 137 1833 1786 1018 646 1567 652 352 1301 68 614 763 1208 1198 1791 1754 1706 650 1505 797 1273 944 963 1146 1933 468 1911 1850 1197 1357 276 1074 1466 1295 234 309 1168 262 468 1356 180 833 269 219 698 542 320 1581 1173 104 1552 1965 333 1672 1810 264 1297 570 753 224 1752 1325 680 1451 616 553 35 1087 1646 374 611 1279 904 1528 1681 1668 1234 64 323 359 1346